a3fc01
a1fc02
a00005
a00406
401420
401840
201403
201804
841065
8000a1
040003
800000
800000
800000
800000
800000
800000
800000
800000
800000
800000
800000
800000
800000
800000
800000
800000
800000
800000
800000
800000
800000
800000
800000
800000
800000
800000
800000
800000
800000
800000
800000
800000
800000
800000
800000
800000
800000
800000
800000
800000
800000
800000
800000
800000
800000
800000
800000
800000
800000
800000
800000
800000
800000
800000
800000
800000
800000
800000
800000
800000
800000
800000
800000
800000
800000
800000
800000
800000
800000
800000
800000
800000
800000
800000
800000
800000
800000
800000
800000
800000
800000
800000
800000
800000
800000
800000
800000
800000
800000
800000
800000
800000
800000
800000
800000
800000
800000
800000
800000
800000
800000
800000
800000
800000
800000
800000
800000
800000
800000
800000
800000
800000
800000
800000
800000
800000
800000
800000
800000
800000
800000
800000
800000
800000
800000
800000
800000
800000
800000
800000
800000
800000
800000
800000
800000
800000
800000
800000
800000
800000
800000
800000
800000
800000
800000
800000
800000
800000
800000
800000
800000
800000
800000
800000
800000
800000
800000
800000
800000
800000
800000
800000
800000
800000
800000
800000
800000
800000
800000
800000
800000
800000
800000
800000
800000
800000
800000
800000
800000
800000
800000
800000
800000
800000
800000
800000
800000
800000
800000
800000
800000
800000
800000
800000
800000
800000
800000
800000
800000
800000
800000
800000
800000
800000
800000
800000
800000
800000
800000
800000
800000
800000
800000
800000
800000
800000
800000
800000
800000
800000
800000
800000
800000
800000
800000
800000
800000
800000
800000
800000
800000
800000
800000
800000
800000
800000
800000
800000
800000
800000
800000
800000
800000
800000
800000